2+3
5+5
x<-2+3
y<-1:100
